MNIST dateset loaded completely!
loss:  2.3023468361567794
W1 [[[-5.27696779e-04 -3.70887052e-04 -3.01730882e-04 -2.41018732e-04
    1.67126267e-04 -3.71509002e-05 -2.91192324e-04]
  [-5.08145055e-05 -1.00895952e-04 -1.22259946e-04  1.87322452e-04
    3.38737932e-04  1.86281938e-06 -3.02373401e-04]
  [ 5.15941948e-05  1.87829876e-04  2.90420329e-04  3.81456405e-04
    2.97459416e-04 -2.01101207e-06 -6.99615520e-05]
  [ 1.83159801e-04  4.15964504e-04  3.08694109e-04  1.06328730e-04
    1.41467913e-05 -6.72132223e-05  1.90480543e-04]
  [ 3.65872113e-04  4.18339284e-04  9.45848737e-05 -8.19016055e-05
   -1.03077804e-04 -2.37459756e-04  9.06480191e-05]
  [ 3.64807891e-04  2.13092948e-04 -8.47882980e-05 -1.12231966e-04
   -2.65460753e-04 -4.38968183e-04 -4.48137748e-05]
  [ 2.41348121e-04 -8.79868240e-06 -1.68827087e-04 -1.47404844e-04
   -3.99303582e-04 -5.58635531e-04 -3.16528628e-04]]]
b1 -0.00041264148376642194
W2 [0. 0. 0. 0. 0. 0. 0. 0. 0. 0. 0. 0. 0. 0. 0. 0. 0. 0. 0. 0. 0. 0. 0. 0.
 0. 0. 0. 0. 0. 0. 0. 0. 0. 0. 0. 0. 0. 0. 0. 0. 0. 0. 0. 0. 0. 0. 0. 0.
 0. 0. 0. 0. 0. 0. 0. 0. 0. 0. 0. 0. 0. 0. 0. 0. 0. 0. 0. 0. 0. 0. 0. 0.
 0. 0. 0. 0. 0. 0. 0. 0. 0. 0. 0. 0. 0. 0. 0. 0. 0. 0. 0. 0. 0. 0. 0. 0.
 0. 0. 0. 0.]
b2 -0.00032303646450365707
W3 [-5.59413511e-04  2.53722398e-04  2.95986003e-04 -1.38017616e-04
  1.94231902e-04  5.77429133e-04 -5.11818485e-04 -1.83910378e-04
 -9.50300859e-05  1.66820640e-04]
b3 -0.0800090736462445
repeat  0  times:
train_acc 0.12 val_acc 0.12
loss:  2.3025597733353758
W1 [[[-1.10911328e-04 -1.17488028e-04 -1.69943089e-04 -3.23811741e-04
   -7.82157574e-05 -2.46457130e-04 -6.23959731e-04]
  [-2.10480633e-04 -1.53656877e-04 -2.59179999e-04 -1.40095854e-04
    1.19212923e-04  7.41208974e-06 -3.34834170e-04]
  [-1.45538740e-04 -9.64145909e-05 -3.35520686e-05  3.07502388e-04
    4.26444070e-04  3.36547823e-04  3.94165743e-05]
  [ 1.29685075e-04  6.24146279e-05  8.64307780e-05  7.88995311e-05
    1.24086006e-04  2.40235262e-05  5.36303439e-05]
  [ 1.03379217e-04 -3.20597550e-06 -2.00020561e-04 -1.31746887e-04
   -3.18164575e-05  4.03128870e-05  3.16032135e-04]
  [ 1.39555143e-04  5.48122384e-05 -2.64061121e-04 -1.80461589e-04
   -1.61529293e-04 -1.37832940e-04  5.93799786e-05]
  [ 3.92451756e-05 -1.10372884e-05 -2.07754101e-04 -9.73893411e-05
   -2.35091402e-04 -2.27482343e-04 -2.76504602e-04]]]
b1 -0.011336410698338528
W2 [ 5.90250764e-10 -6.72998723e-11  9.60088746e-10  7.18518117e-11
  1.55992658e-10 -5.39804330e-11 -3.33252963e-11  3.43336508e-10
  8.23591409e-10 -3.11791668e-10 -7.08822179e-11  2.09656153e-12
 -4.08248576e-10 -1.54096288e-10 -1.77658265e-10  2.87140046e-11
 -1.71374005e-10  0.00000000e+00 -1.19445851e-10 -3.13205676e-10
 -8.10784048e-12  9.13989757e-10  2.21472986e-11  4.61258860e-10
 -7.30274721e-11  4.50596213e-10  6.20785277e-11 -3.71548295e-10
  4.70259720e-11 -1.33272376e-10 -1.10484908e-10  7.77708790e-10
  1.55378046e-09 -5.18457389e-10 -1.50639569e-11  9.69859216e-10
 -2.86505046e-10 -9.26294284e-11  2.18818168e-10 -6.82146994e-10
  2.59191432e-11 -5.58953662e-10 -1.84292722e-11  8.74053651e-11
 -9.41004626e-11 -6.13960462e-10 -7.10295080e-10  0.00000000e+00
  6.21839453e-10  9.64520929e-10 -1.47397307e-10  1.36583520e-10
  4.77834015e-11  2.33155216e-10  1.67357767e-10 -2.08948340e-10
  0.00000000e+00  1.93176741e-10 -5.60489471e-10 -2.75309391e-10
 -7.49837075e-10 -2.09041342e-10 -4.60278207e-11 -1.34486354e-09
  2.90738301e-10 -1.10674566e-09  3.61300148e-10  4.94376274e-11
  6.77606786e-11  7.43568111e-11  2.80017879e-10 -1.31484647e-10
  3.39893562e-10  5.02718278e-10  3.33425588e-12  4.46071032e-11
 -9.68466844e-11  4.24096125e-10 -2.72742495e-10  9.58788110e-11
  2.89687332e-10  1.67323070e-11  1.01156259e-09  3.27791578e-10
 -7.54544060e-10 -3.36996798e-10  2.67868769e-10 -2.06040772e-10
 -4.02615107e-10 -3.38946199e-11  1.02453280e-10 -4.69989987e-10
 -2.70118070e-10  3.08663102e-11 -1.13251603e-11 -1.29484429e-10
  4.86631889e-11 -1.71005823e-11  6.12877013e-11 -5.39962349e-10]
b2 0.001430420321901835
W3 [-6.69592561e-04  5.23689413e-05  2.87673715e-04  2.34897008e-04
 -3.40769207e-04  4.76435756e-04  1.42974929e-04 -4.16887170e-04
  7.42475353e-05  1.58651053e-04]
b3 -0.020005292544225634
loss:  2.3025692155537936
W1 [[[-9.87865715e-05 -7.47057389e-05  1.41941472e-04  1.57558632e-04
    4.25507018e-04  3.38563117e-04 -2.36641225e-04]
  [ 6.04204750e-06  9.12579942e-05  4.28275676e-04  5.28498206e-04
    7.29051519e-04  5.24363708e-04 -6.78214866e-05]
  [ 2.13788242e-04  3.58167263e-04  4.80315964e-04  7.09616733e-04
    6.96387813e-04  4.07735480e-04 -8.77000023e-05]
  [ 1.93001540e-04  2.90552807e-04  4.26874782e-04  2.57684721e-04
    1.51651572e-04 -1.42925317e-04 -4.09424313e-04]
  [ 1.62634076e-04  2.05903574e-04  1.70281714e-04  1.36692612e-04
   -2.25839694e-05 -4.36732642e-04 -5.80103801e-04]
  [ 1.13815186e-04  2.14836549e-04  1.06386967e-04 -4.26025580e-05
   -3.07164886e-04 -9.45843640e-04 -8.34649067e-04]
  [ 1.98641307e-04  1.35240552e-04 -1.28132048e-04 -2.60972812e-04
   -5.18581806e-04 -9.12743303e-04 -6.24650443e-04]]]
b1 -0.010636732165324715
W2 [ 4.89686854e-09 -5.56798303e-09  2.28153644e-08  9.21203372e-10
 -3.01116123e-08  0.00000000e+00  1.15271521e-08 -2.62546965e-08
  1.26387204e-08 -6.48896799e-09 -2.29824008e-09  3.57590869e-09
 -1.99370515e-08  4.33132097e-10 -8.86752754e-09 -2.31102433e-09
 -3.10976187e-09  0.00000000e+00 -1.10345032e-08 -3.87449780e-09
 -7.50573711e-09 -1.59749422e-09  3.46315115e-09 -3.46963094e-09
  4.52431458e-10  1.79236130e-08 -5.11413717e-10 -7.58949274e-09
 -7.57961368e-09  1.88426564e-09  5.10431424e-09  1.95017370e-08
  1.39654511e-08  8.27207100e-10 -1.54533900e-09  2.23268976e-08
 -5.45056309e-09  1.27982726e-08 -1.48258762e-08 -2.62150114e-08
  1.47619905e-09  6.05006217e-09 -1.04950738e-09  5.39530782e-09
  2.40285732e-09 -1.33012386e-08 -2.63297684e-08  0.00000000e+00
  2.86971329e-08  1.56398615e-08  2.19712379e-09 -5.03552879e-09
  2.17484415e-08  1.68782990e-08  6.51864923e-09  1.78144604e-08
  0.00000000e+00 -4.22317072e-10 -1.47866552e-08 -2.16002589e-08
 -1.26152251e-08  5.78909568e-09  0.00000000e+00 -2.30898750e-08
  1.26283359e-09 -3.10264104e-08  1.53769293e-08 -1.76891851e-09
 -1.44284830e-09  0.00000000e+00  4.06478088e-08 -2.46017413e-08
  1.72598585e-08  7.69772909e-09 -2.40836587e-08 -7.96655647e-09
  4.17378494e-09  1.39616813e-08 -1.39395264e-08  2.72986985e-09
 -1.60857416e-09  2.74135489e-09  2.83991857e-08  1.29162146e-08
 -1.72068676e-08 -1.03572455e-08  4.41881385e-09 -1.54149448e-08
 -2.04170094e-08 -7.04330037e-09  2.82825790e-08 -8.20256661e-09
  1.56122977e-08  0.00000000e+00 -4.36786006e-09  2.38606229e-08
 -2.69894247e-09  6.91491190e-09  6.02618973e-09  5.86276370e-09]
b2 0.00041678839005016585
W3 [-6.90736186e-04  1.99051753e-04  3.08248114e-04  1.94264980e-04
 -6.37264264e-04  4.96999625e-04  5.29925063e-04 -6.95282018e-04
  9.60402983e-05  1.98752633e-04]
b3 -0.060008659341324946
loss:  2.3027707781092435
W1 [[[ 2.78641295e-04  4.46848028e-04  3.05620152e-04  3.45541016e-04
    5.40448362e-04  1.82880952e-04 -3.93458557e-04]
  [ 4.74764074e-04  6.69408960e-04  7.20050397e-04  8.94774102e-04
    9.54011899e-04  5.05798034e-04  1.12711977e-04]
  [ 4.69550414e-04  7.19339890e-04  9.59210021e-04  9.99765872e-04
    6.02972828e-04  2.74613232e-04  1.00340806e-04]
  [ 2.97701352e-04  5.33732069e-04  8.75139374e-04  7.55949834e-04
    2.68351313e-04  5.31143740e-06  8.77191330e-05]
  [ 4.17715541e-04  5.90901752e-04  6.66085741e-04  4.88920096e-04
    1.49305493e-04 -7.56641882e-05 -6.13468375e-06]
  [ 3.49900623e-04  3.95954614e-04  3.73064214e-04  2.55531752e-04
   -1.54216381e-04 -3.24241192e-04 -4.14791214e-04]
  [ 2.23197914e-04  1.51992629e-04  1.57571344e-04  8.98281812e-05
   -2.94546315e-04 -5.66854439e-04 -7.01382646e-04]]]
b1 -0.008472143685148077
W2 [-5.25567978e-08  6.57197095e-08  3.74824261e-08  0.00000000e+00
 -6.80253557e-08  0.00000000e+00 -4.29518249e-08 -1.86374714e-09
  1.52090147e-08  5.65138398e-09 -8.74014720e-09  8.69921832e-09
 -3.81952068e-08  2.26276230e-08 -1.16650866e-08  8.13998757e-09
 -3.30482180e-08  1.40054396e-08  2.21346127e-08  2.16113248e-09
 -1.57079576e-08  4.14592630e-08  0.00000000e+00  4.24491056e-10
  6.22560531e-09  7.15976351e-09 -2.36341366e-08 -7.23933558e-11
 -1.92694935e-08  4.49805453e-09  2.30886034e-08  7.90251732e-08
 -2.07785063e-09 -3.20394755e-08 -2.94430588e-09  4.72653084e-08
 -1.61446922e-08  2.38676891e-08 -3.23501975e-09 -8.15158721e-09
  5.62529181e-09  1.37437788e-08 -3.31762446e-09 -1.02323877e-09
  5.15454710e-09 -6.22461557e-09 -4.57783756e-08  2.83964458e-09
  4.14106557e-08  3.65970153e-08  2.86683969e-08 -3.03126950e-08
  3.64048743e-08  1.17325543e-08  4.55646924e-10 -2.39311413e-08
  0.00000000e+00 -3.21065929e-10  8.67709190e-09 -3.66839034e-08
 -4.77524205e-09 -2.85503086e-09  0.00000000e+00 -3.53081432e-08
 -7.11739072e-08 -4.18531361e-08  9.69675358e-09 -1.18597795e-08
 -7.82793290e-09  1.61359511e-08  8.63038322e-08 -2.59060734e-08
  6.44320974e-09  2.13607118e-08 -5.02443229e-08 -1.04004083e-09
  1.51031395e-08 -2.53788863e-08  7.31668123e-09  1.02498225e-08
 -1.09825827e-08  3.07933924e-09  3.31493778e-08  6.00611128e-09
 -8.42410885e-08 -6.43975646e-09 -1.49889376e-09  3.50510325e-08
 -5.87560505e-08 -1.46008688e-08  4.89625865e-08 -1.38024354e-08
  3.82101079e-08  0.00000000e+00  0.00000000e+00  7.05860557e-08
 -1.42283271e-08  6.46227154e-09  3.80684068e-08  2.89111281e-08]
b2 -0.002347775580843917
W3 [-5.01570393e-04 -4.44534263e-04  5.44464187e-04  6.22138072e-04
 -5.35946353e-04  1.09263579e-04  4.78833724e-04 -4.04898692e-04
  9.90109959e-05  3.32391442e-05]
b3 -0.08000200620173993
loss:  2.3024540286172144
W1 [[[ 1.54956469e-04  3.75704087e-05 -2.75663870e-04 -3.28637208e-04
   -7.68812543e-05 -3.37580582e-04 -6.73389082e-04]
  [-6.16660172e-05 -1.82342258e-04 -3.09194262e-04 -3.70431662e-05
    1.70582332e-04 -3.41724534e-05 -1.80290432e-04]
  [ 1.25629763e-05  1.51434859e-05  1.46962033e-04  2.93312951e-04
    1.79067066e-04  6.17424581e-05  1.52880007e-04]
  [ 2.35644795e-04  2.16566131e-04  3.18930968e-04  2.60810711e-04
    1.59070907e-04  5.18935801e-05  2.05076660e-04]
  [ 2.78475791e-04  2.24888111e-04  1.97090837e-04  6.32793424e-05
    7.50092511e-05  2.14898980e-04  4.20488000e-04]
  [ 2.06173095e-04  1.63802699e-04 -7.32191578e-05 -9.07424109e-05
   -1.30746056e-04  1.33344468e-04  1.54524841e-04]
  [ 1.55366324e-04  2.37710336e-05 -1.53855657e-04 -1.15526315e-04
   -1.15606707e-04 -1.31815728e-04 -1.78518971e-04]]]
b1 -0.008084635220342178
W2 [ 1.26998834e-08  1.61526182e-08  5.04143707e-08  1.90092775e-08
  3.01859924e-08  0.00000000e+00  3.16517040e-08  1.08809416e-08
  1.78553366e-08  2.29521290e-08 -2.27427473e-08  1.61147350e-08
 -3.04984812e-08  2.41160723e-08  3.54405107e-08  1.54631932e-08
 -1.67924036e-08  0.00000000e+00 -4.92861096e-08 -3.19001895e-08
 -1.29413841e-08  3.36857616e-08 -8.55173504e-09  7.34733125e-09
 -1.99490853e-08 -1.79185596e-08 -5.90933821e-08 -3.13375771e-08
 -8.84032941e-09  1.32804137e-08  1.09483743e-08  2.20826187e-08
  5.38635823e-08 -1.86195792e-08 -9.25002872e-09  3.87351398e-08
 -2.20896223e-08  3.23937741e-08 -4.23127045e-08 -3.22292941e-08
  7.75459244e-09  1.05399116e-08 -1.37853439e-09  2.15321568e-08
  1.08335621e-08 -6.17514917e-08 -8.08789674e-08  0.00000000e+00
  8.86768682e-08  1.02435598e-07  1.83565860e-08 -2.47092080e-09
 -1.49162705e-08  1.56340496e-08  6.08749697e-09  8.46154402e-10
  4.87525763e-09  3.72235139e-09 -1.29188637e-08 -1.80653023e-09
 -6.83788010e-09 -2.84265251e-08 -1.03272790e-08 -6.24566453e-08
 -4.64489183e-09 -9.74870287e-09  1.33656618e-08  3.60635271e-09
  2.68755587e-08  5.56159419e-09  9.48962491e-10  2.84680063e-08
 -4.97717284e-09  2.22962321e-08 -4.21008720e-08  3.33851943e-08
  2.50937912e-08  6.06155495e-08 -3.79038346e-08  2.31950827e-09
  2.98363253e-08 -3.41493461e-08  6.55887446e-08  8.75654821e-09
 -2.19218453e-08 -4.40682963e-09 -1.04920738e-08 -9.24143432e-08
 -1.00511129e-07  3.15865703e-08 -1.44923094e-08 -1.27125863e-08
 -2.33513797e-08  2.30802795e-09  1.06249241e-08  2.24132076e-08
 -1.23584140e-08 -1.70061507e-08 -2.79394470e-08 -1.65516198e-08]
b2 0.00041155982190592123
W3 [ 9.98016955e-05  3.92241565e-04 -3.07907202e-04  2.59679597e-04
 -1.31807210e-03  4.16236570e-04 -3.05102166e-05  2.59908277e-04
 -1.57472405e-06  2.30196537e-04]
b3 0.02000321527697166
loss:  2.30242962759302
W1 [[[-5.61120228e-04 -7.05083529e-04 -4.08593278e-04 -4.69671570e-04
   -4.68707310e-04 -8.04105098e-04 -7.95501604e-04]
  [-2.39341296e-04 -3.72475883e-04 -3.92582568e-04 -1.86595474e-04
   -1.46041537e-04 -1.41736634e-04 -2.68978239e-04]
  [-2.05055458e-04 -1.86313760e-04 -2.43200774e-04 -1.65095928e-04
   -7.60629319e-05 -3.74642986e-05 -5.61468675e-05]
  [-2.37326091e-04 -2.53069662e-04 -3.71495943e-04 -3.09594771e-04
   -7.94346269e-05  1.11532830e-05  3.14331694e-05]
  [-1.47346752e-04 -1.63713054e-04 -2.37734760e-04 -1.13667927e-04
   -1.33280788e-04 -1.59779377e-04 -1.46276693e-04]
  [ 2.82248729e-05 -1.13777957e-05 -9.21098778e-05 -2.30839768e-04
   -6.59050419e-04 -7.07576830e-04 -3.96620276e-04]
  [-4.95475505e-05 -6.02986620e-05 -1.23930050e-04 -4.71271275e-04
   -9.39794074e-04 -9.41344819e-04 -5.75499119e-04]]]
b1 -0.007386464209723379
W2 [ 6.64934215e-08 -2.27675462e-08  9.10203470e-09  4.52235810e-09
 -1.00930836e-07  8.80760175e-09  4.34750184e-08  3.98367395e-08
  4.05531439e-08  5.63926269e-08  2.91466557e-08 -2.73256469e-08
 -7.52044887e-08  6.54306575e-08  4.87300689e-08  1.49323335e-08
  2.68908064e-08  0.00000000e+00 -3.94502328e-08  3.10984491e-08
 -1.33444930e-08  6.29884046e-08  0.00000000e+00 -2.21446122e-09
 -1.43415685e-08  5.50541010e-08  4.11085904e-08  3.76058803e-08
 -4.62585662e-08  5.95919541e-09  5.26433489e-10  1.31198618e-08
  2.73211931e-08 -5.83233090e-08  2.28754200e-09  9.11552922e-08
 -1.47036387e-08  1.18635761e-08  1.05704494e-08 -8.60143937e-08
  2.44564497e-09 -5.29987063e-08 -7.51141938e-09 -1.49323170e-08
 -6.68596123e-09  3.36455663e-09 -5.37595441e-08  4.93977921e-09
  8.50338720e-08  3.58921258e-09  4.08580356e-08 -2.93819323e-10
 -6.32703276e-09  4.09592600e-08 -8.67646636e-09  2.82789934e-08
  3.07631851e-09  4.41693398e-09  3.47662427e-08 -5.32960316e-08
 -2.19319571e-08 -1.93027502e-08 -1.41196212e-08 -8.65253843e-08
  4.79265375e-08 -4.00593806e-08 -1.62203778e-08  9.40368842e-09
 -1.36172040e-08  7.01672577e-09 -1.89403022e-08 -3.22265489e-08
  3.30485510e-08  2.88134303e-08 -1.92996586e-08  2.69794033e-08
  2.64020333e-08  4.22715490e-08 -1.18590172e-10  1.19743004e-08
  2.26197061e-08 -1.10739012e-08  5.40038230e-08  1.93870773e-08
  3.14807443e-08 -1.40074046e-08  1.46446198e-08 -3.54951630e-08
 -6.83183202e-08  1.63235285e-08 -2.94627714e-08 -2.28118384e-08
 -1.10627505e-07  5.82530819e-09  1.34095013e-08 -3.72228208e-08
  2.90708729e-08 -6.25588552e-08  1.34728594e-08  1.83088732e-08]
b2 0.001707474186438213
W3 [-5.04909711e-05  3.58261973e-04 -7.13431403e-05 -5.18375527e-04
 -3.93558674e-04  6.08454389e-04 -1.14482247e-04 -3.69839573e-04
  5.38575814e-04  1.27979574e-05]
b3 1.0659834866925694e-05
loss:  2.3022998807014226
W1 [[[ 4.73472546e-04  5.11506394e-04  3.94654548e-04  4.92326466e-04
    5.02665769e-04  1.89597174e-04 -2.27945554e-04]
  [ 4.69610142e-04  4.08196806e-04  1.82119736e-04  4.35013255e-04
    5.72838883e-04  3.45124898e-04 -5.73063401e-05]
  [ 3.71772744e-04  3.59910666e-04  3.71350262e-04  5.86679021e-04
    5.36058776e-04  2.50462582e-04 -8.37611078e-05]
  [ 2.09800137e-04  2.16700120e-04  2.31792398e-04  2.56705817e-04
    2.16738806e-04  3.63394506e-05 -1.34804166e-04]
  [ 1.76906051e-04  2.32511921e-04  3.20985913e-04  2.23780485e-04
    2.55293176e-05 -2.02646150e-04 -2.15399000e-04]
  [ 1.91816508e-04  1.93433862e-04  2.50104661e-04  1.41635745e-04
   -2.78702797e-04 -7.16473179e-04 -5.80400128e-04]
  [ 6.64089382e-05  5.72348119e-05  2.04838474e-04  5.71952290e-05
   -5.99246317e-04 -1.27436451e-03 -1.09412810e-03]]]
b1 -0.011153623335105006
W2 [-8.35479870e-08  5.47820084e-08  5.78566180e-08  3.28454040e-08
 -7.16100093e-08 -8.21444558e-10 -6.26370094e-08  2.13243821e-08
  9.01150387e-08  8.95324263e-09 -5.08501386e-08  2.81795704e-08
 -8.39661101e-08  5.97507126e-08  5.74226286e-08  2.57838909e-08
 -8.09031042e-08  0.00000000e+00 -5.21102097e-08 -2.16632459e-08
  1.30475651e-08  1.42642161e-07 -7.01516716e-09 -6.31006242e-09
 -3.78852068e-08  7.33700479e-08 -5.83014169e-08 -7.52506316e-08
 -3.79381363e-08  2.87780343e-09  5.54442040e-08  1.48956551e-07
  8.35451449e-08 -7.26065111e-08  2.71679896e-09  2.04379043e-07
  1.67496263e-09 -1.04489544e-07 -3.06608114e-08 -1.51651049e-07
  5.81932011e-09 -5.00399256e-08  0.00000000e+00 -9.66542763e-10
  2.70819551e-09 -1.33263666e-07 -7.91316256e-08  0.00000000e+00
  7.92243229e-08  9.94042617e-08  6.68812935e-08 -4.76973061e-08
  7.65907365e-08  4.03059951e-08 -9.94376961e-08 -9.22323572e-09
  7.31965883e-09 -3.32487699e-10 -4.08868223e-08 -1.12237699e-07
 -4.67027204e-08 -6.44500487e-10 -2.19672041e-08 -1.62758254e-07
 -9.48545081e-08 -1.04718240e-07  0.00000000e+00 -9.98066893e-09
 -1.78585917e-08  1.66954897e-08  1.05137985e-07  7.98700487e-08
  5.32665773e-08  1.66032463e-08 -5.45947671e-08  8.75906869e-09
  0.00000000e+00  7.64931173e-08 -7.78972382e-08  1.42449666e-08
 -2.90550352e-08 -4.34319839e-08  1.60888807e-07  3.24046416e-08
 -4.70985260e-08 -7.97980924e-08  1.26494312e-08 -5.48407618e-08
 -3.09838482e-08  1.89856019e-08  3.14900709e-08 -5.60283078e-08
  7.05219754e-08  0.00000000e+00  1.46805192e-08  9.40375822e-08
 -7.80083097e-09 -1.54141809e-08 -8.60413842e-09  1.01581481e-09]
b2 -0.0018033615541273567
W3 [-0.00120248  0.00017197  0.00013734 -0.00016736 -0.00031149  0.00054788
  0.0004485   0.00054929  0.00014422 -0.00031787]
b3 -0.11999860728318254
loss:  2.302318053844416
W1 [[[-5.44639059e-04 -6.47810953e-04 -4.67233846e-04 -3.92498888e-04
    4.82562026e-05 -3.90697154e-04 -7.81899046e-04]
  [-3.25296137e-04 -1.98897245e-04 -1.63127250e-04  1.46324290e-04
    3.58431050e-05 -2.61279473e-04 -7.23761126e-04]
  [-2.76366786e-04 -5.61370376e-05  2.05774891e-04  4.51578300e-04
    2.53583458e-04 -2.00777692e-05 -3.65365264e-04]
  [ 1.74041875e-05  2.83863856e-04  3.78817861e-04  2.88057245e-04
    8.19944419e-06 -4.34997737e-05 -2.86155512e-04]
  [ 1.64072141e-04  3.36547118e-04  3.01442874e-04  9.00798219e-05
   -5.90915235e-05 -2.08435907e-04 -1.56542452e-04]
  [ 2.73878806e-04  2.30322503e-04  8.53581716e-05  3.72864557e-05
   -1.70735081e-04 -5.33090094e-04 -1.72752602e-04]
  [ 2.23537640e-04  9.78357107e-05 -8.43904229e-05 -1.20589248e-05
   -4.70274114e-04 -6.13088088e-04 -2.80140314e-04]]]
b1 -0.012086687072867787
W2 [ 9.72129627e-08 -6.93006837e-09  1.38439842e-07  7.34723048e-09
 -7.55354431e-08 -7.51978696e-09  3.39462019e-08  2.36940467e-08
  8.05805905e-08 -3.39603635e-08  6.74047779e-09 -4.94046122e-09
 -1.58054564e-07  7.32018399e-08  3.57605847e-08  3.41852287e-08
 -7.27984261e-08  0.00000000e+00 -9.51165927e-08 -1.99567310e-08
 -7.24425129e-08  1.16644756e-07  3.18155077e-08  3.89894511e-08
 -1.51585778e-08  2.83505253e-08  6.10491152e-09 -1.14534165e-07
 -6.47329925e-08  3.94710204e-09 -3.94131888e-08  4.80362839e-08
  6.91198944e-08 -8.77528187e-08 -2.26864900e-08  1.41415619e-07
  1.46816248e-08  1.64243682e-08  5.81243081e-08 -4.17070762e-08
  3.60929405e-09 -5.53655802e-08 -2.56829413e-09 -2.92734279e-08
 -1.45497841e-08 -5.59216684e-08 -1.31510197e-07  7.29363344e-09
  6.34182861e-08  1.00878548e-07 -7.97662135e-08  2.42779767e-08
  3.18361138e-08  3.22909711e-08  2.71632403e-08  6.13344418e-08
  0.00000000e+00  6.51920849e-09 -1.18532518e-07 -4.64483873e-08
 -1.57944976e-07  1.40438258e-08 -1.68357976e-08 -1.05518511e-07
  1.43106500e-08 -3.39855016e-08  2.48976191e-08  1.71038765e-08
  1.15528066e-08  1.03570704e-08  1.00667369e-07 -7.55985770e-08
  1.37381110e-07  8.25719967e-08 -4.60307910e-08  3.60305264e-08
  1.03978132e-08  1.26516792e-07 -1.05119957e-08  0.00000000e+00
  2.31519256e-08  1.95478016e-09  6.82741983e-08  5.41134953e-08
 -6.53698296e-08 -1.49885219e-08  1.56947974e-08 -1.72459850e-07
 -1.16081206e-07  3.42595695e-08  2.53046662e-08 -2.57548149e-08
 -6.17401566e-08  4.29898379e-09 -2.29459860e-08  3.22297357e-08
  7.95581990e-09 -2.78728042e-08 -5.85798635e-08 -6.55403539e-08]
b2 0.0016911704896153837
W3 [-0.0002085   0.00035517  0.0005482  -0.00043969 -0.00105837  0.00062497
  0.0003908  -0.00031419 -0.00050849  0.00061011]
b3 -0.03998018056114532
loss:  2.30248478057425
W1 [[[-1.71624400e-04 -2.27423893e-04 -3.85813982e-04 -6.69152459e-04
   -6.22428392e-04 -8.61645135e-04 -1.08644831e-03]
  [-1.85390590e-04 -2.06736828e-04 -3.36902682e-04 -1.73300131e-04
    1.65875320e-05 -4.01989611e-05 -5.07659614e-04]
  [-1.66079792e-04 -1.50348342e-04 -4.76358872e-05  2.30277601e-04
    3.35444601e-04 -1.40707726e-05 -3.40814058e-04]
  [-1.84310112e-04  5.11820484e-05  7.15237911e-05  9.35323510e-05
    1.00964765e-04 -2.53714353e-05 -2.20975320e-04]
  [ 1.53963330e-05  1.29833866e-04  1.49113829e-05 -1.64355625e-05
   -5.24035658e-05 -1.26112168e-04 -7.02926948e-05]
  [ 1.83222043e-04  9.52336904e-05 -9.46604838e-05 -1.88185111e-05
   -2.58099475e-04 -4.01871675e-04 -1.84110605e-04]
  [-1.34289680e-05 -7.56115736e-05 -2.61205215e-04 -1.77511718e-04
   -3.34380751e-04 -5.50167861e-04 -5.66246533e-04]]]
b1 -0.010268232503611956
W2 [ 5.98016077e-08 -2.93328069e-09  1.28565159e-07 -2.07554897e-08
  6.40406529e-08 -1.82018619e-08 -2.17395330e-08  7.62718641e-08
  3.39528420e-08 -2.43347117e-08  1.35002769e-09 -2.56044834e-08
 -2.81332753e-08 -1.99576031e-08  8.50204555e-08  1.12388390e-08
  7.03905240e-10  0.00000000e+00  1.53899133e-08 -4.69522198e-08
  2.32368767e-08  1.50687709e-07 -2.50690729e-09  2.31168333e-08
  1.20510673e-08  6.89491475e-08 -2.53721943e-10 -9.12065767e-08
 -6.09478656e-08 -9.69661345e-09 -4.89933884e-08  1.09084575e-07
  7.02579406e-08 -8.01846128e-09  1.07066358e-08  1.15878350e-07
 -5.47035798e-08  7.51640035e-08  3.35674426e-08 -7.90379007e-08
  4.36784494e-09 -9.17088943e-08  0.00000000e+00 -1.31801023e-09
 -1.18756802e-08  1.12354018e-08 -1.07077912e-07 -2.75089982e-08
  4.97360710e-08 -1.58872288e-08  4.00194694e-08  2.29403881e-08
  3.61623528e-08  1.23149434e-08  4.70350008e-08  4.43748854e-08
  0.00000000e+00 -5.02094105e-10  1.19078940e-09 -8.40299467e-09
 -1.05171425e-07  4.59248819e-10 -3.78419029e-08 -1.51729822e-07
  1.14847654e-07 -2.21066036e-09 -1.38464357e-08  1.23723336e-08
  5.10124749e-09  1.25379483e-08  2.73596687e-08  8.39566138e-09
  9.20933781e-08  6.80586855e-08 -4.30519379e-08  5.02632357e-08
  1.25850810e-08  1.44870164e-07 -7.40780129e-09 -1.68632358e-08
 -1.95023844e-08 -1.40193006e-07  1.31595428e-07  1.89159060e-08
  2.85807084e-08 -8.77640657e-08  1.43419736e-08 -1.46833006e-07
  2.06229485e-09  1.73923081e-08  1.72732040e-07 -2.63916663e-08
 -1.89462762e-07  1.04053904e-08  0.00000000e+00 -8.97239025e-08
  2.23618599e-08  5.38558847e-08 -6.70761863e-09  3.41804000e-08]
b2 0.0008595971946920003
W3 [-0.00111763  0.0005067  -0.00070622  0.0005981  -0.00053955  0.000408
  0.00081192 -0.00031723  0.00015125  0.00020467]
b3 -0.03997654833039099
